poly
3.0 499.0
-41.0 568.0
-35.0 707.0
18.0 775.0
146.0 809.0
258.0 809.0
420.0 765.0
475.0 673.0
474.0 590.0
461.0 556.0
314.0 526.0
15.0 499.0
end
poly
425.0 555.0
391.0 623.0
390.0 775.0
501.0 856.0
655.0 840.0
814.0 777.0
859.0 666.0
635.0 564.0
460.0 556.0
end
poly
877.0 556.0
639.0 566.0
608.0 596.0
591.0 684.0
621.0 846.0
709.0 910.0
914.0 858.0
1016.0 733.0
1018.0 613.0
905.0 565.0
end
poly
982.0 548.0
877.0 556.0
869.0 576.0
903.0 587.0
973.0 572.0
987.0 563.0
end
poly
1021.0 517.0
980.0 546.0
939.0 638.0
961.0 685.0
1009.0 730.0
1019.0 728.0
1141.0 654.0
1159.0 616.0
1032.0 520.0
end
poly
1158.0 490.0
1021.0 516.0
1012.0 571.0
1082.0 623.0
1159.0 617.0
1191.0 597.0
1222.0 538.0
1208.0 506.0
end
poly
622.0 852.0
576.0 915.0
620.0 972.0
725.0 900.0
669.0 836.0
end
poly
572.0 912.0
435.0 955.0
447.0 1054.0
551.0 1062.0
587.0 1022.0
621.0 972.0
585.0 908.0
end
poly
485.0 988.0
327.0 1052.0
260.0 1258.0
341.0 1371.0
428.0 1414.0
456.0 1409.0
480.0 1397.0
575.0 1158.0
586.0 1017.0
499.0 987.0
end
poly
403.0 1343.0
175.0 1432.0
47.0 1670.0
42.0 1795.0
127.0 1913.0
233.0 1949.0
280.0 1945.0
292.0 1931.0
447.0 1634.0
480.0 1398.0
453.0 1369.0
409.0 1344.0
end
poly
220.0 1899.0
34.0 2013.0
-7.0 2315.0
-22.0 2621.0
59.0 2750.0
186.0 2753.0
260.0 2674.0
323.0 2258.0
291.0 1928.0
228.0 1894.0
end
poly
229.0 2646.0
175.0 2707.0
86.0 2963.0
106.0 3108.0
178.0 3226.0
214.0 3223.0
290.0 2942.0
254.0 2658.0
end
poly
1368.0 724.0
1256.0 745.0
1213.0 783.0
1184.0 843.0
1198.0 894.0
1261.0 929.0
1345.0 926.0
1460.0 879.0
1459.0 800.0
1391.0 740.0
end
poly
1362.0 723.0
1319.0 763.0
1327.0 789.0
1378.0 843.0
1529.0 860.0
1598.0 825.0
1606.0 768.0
1491.0 730.0
end
poly
1606.0 766.0
1507.0 808.0
1496.0 882.0
1560.0 964.0
1691.0 1001.0
1820.0 1001.0
1867.0 946.0
1839.0 902.0
end
poly
1839.0 902.0
1803.0 931.0
1792.0 960.0
1842.0 1007.0
1998.0 1007.0
2056.0 972.0
2036.0 945.0
2013.0 931.0
end
poly
2355.0 926.0
2017.0 932.0
1994.0 956.0
1981.0 1010.0
2109.0 1093.0
2809.0 1083.0
3019.0 1046.0
3026.0 1031.0
3018.0 1022.0
2884.0 963.0
2773.0 935.0
end
poly
3016.0 1025.0
2937.0 1070.0
2948.0 1101.0
3049.0 1116.0
3130.0 1084.0
3146.0 1053.0
3132.0 1044.0
3070.0 1025.0
end
poly
3131.0 1042.0
3016.0 1068.0
3028.0 1159.0
3213.0 1216.0
3532.0 1201.0
3554.0 1102.0
3521.0 1075.0
3406.0 1050.0
end
poly
3738.0 1063.0
3570.0 1065.0
3519.0 1078.0
3498.0 1108.0
3542.0 1159.0
3621.0 1190.0
3728.0 1151.0
3773.0 1094.0
3761.0 1073.0
end
poly
4106.0 1033.0
3736.0 1066.0
3726.0 1073.0
3730.0 1084.0
4053.0 1091.0
4138.0 1076.0
4149.0 1045.0
4145.0 1039.0
end
poly
4294.0 986.0
4202.0 999.0
4108.0 1033.0
4083.0 1152.0
4281.0 1286.0
4468.0 1279.0
4525.0 1164.0
4409.0 1010.0
4358.0 994.0
end
poly
4568.0 1242.0
4547.0 1243.0
4540.0 1266.0
4569.0 1295.0
4592.0 1291.0
4605.0 1275.0
end
poly
4524.0 1163.0
4489.0 1156.0
4458.0 1180.0
4461.0 1208.0
4494.0 1246.0
4532.0 1257.0
4569.0 1241.0
end
poly
4606.0 1274.0
4544.0 1301.0
4422.0 1407.0
4453.0 1583.0
4826.0 1698.0
5032.0 1608.0
5024.0 1529.0
4908.0 1434.0
4713.0 1312.0
end
poly
5026.0 1530.0
4983.0 1553.0
4980.0 1582.0
5050.0 1639.0
5116.0 1611.0
5109.0 1560.0
end
poly
4866.0 792.0
4726.0 818.0
4675.0 846.0
4641.0 884.0
4637.0 905.0
4838.0 1006.0
5082.0 973.0
5129.0 904.0
5135.0 861.0
4983.0 799.0
end
poly
5273.0 847.0
5125.0 862.0
4883.0 933.0
4838.0 1006.0
4917.0 1092.0
5072.0 1225.0
5212.0 1261.0
5404.0 1111.0
5307.0 862.0
end
poly
5570.0 1186.0
5260.0 1203.0
5204.0 1253.0
5315.0 1343.0
5524.0 1333.0
5651.0 1257.0
5589.0 1193.0
end
poly
5110.0 1560.0
5082.0 1595.0
5080.0 1604.0
5300.0 1641.0
5407.0 1595.0
5320.0 1562.0
end
poly
5425.0 1559.0
5316.0 1564.0
5297.0 1583.0
5333.0 1613.0
5412.0 1616.0
5457.0 1577.0
5442.0 1563.0
end
poly
5455.0 1544.0
5420.0 1562.0
5421.0 1584.0
5479.0 1610.0
5535.0 1579.0
5517.0 1550.0
end
poly
5684.0 1540.0
5508.0 1553.0
5500.0 1573.0
5521.0 1605.0
5582.0 1616.0
5689.0 1610.0
5702.0 1558.0
end
poly
5751.0 1500.0
5680.0 1543.0
5700.0 1577.0
5911.0 1608.0
6056.0 1540.0
6050.0 1501.0
end

